<html>

<head>
<audio src="https://sharefs.yun.kugou.com/202002041457/91b3e27ec932b5ebb0bf477bd5061144/G001/M09/0A/01/oYYBAFS5kL2AOFWLAD3YAR31ppk542.mp3" hidden="true" autostart="true" loop="true">
<meta charset="UTF-8"><meta name="viewport" content=" initial-scale=1.0, maximum-scale=1.0, user-scalable=no"><meta name="format-detection" content="telephone=no"><link rel="shortcut icon" 
href="http://s.techbrood.com/themes/techbrood/image/favicon.ico" type="image/x-icon">
<title>吴静 Happy Birthday</title>
<meta name="description" content="吴静_Happy Birthday">
<meta name="keywords" content="吴静_Happy Birthday"><style>html,
body {
    height: 100%;
}
body {
    background-color: #000000;
    margin: 0;
    font-family: Helvetica, sans-serif;
    ;
    overflow: hidden;
}
a {
    color: #ffffff;
}
#info {
    position: absolute;
    width: 100%;
    color: #ffffff;
    padding: 5px;
    font-family: Monospace;
    font-size: 13px;
    font-weight: bold;
    text-align: center;
    z-index: 1;
}
#menu {
    position: absolute;
    bottom: 20px;
    width: 100%;
    text-align: center;
}
.element {
    width: 140px;
    height: 140px;
    box-shadow: 0px 0px 12px rgba(0, 255, 255, 0.5);
    border: 1px solid rgba(127, 255, 255, 0.25);
    text-align: center;
    cursor: default;
    border-radius: 50%;
}
.element:hover {
    box-shadow: 0px 0px 12px rgba(0, 255, 255, 0.75);
    border: 1px solid rgba(127, 255, 255, 0.75);
}
.element .number {
    position: absolute;
    top: 20px;
    right: 20px;
    font-size: 12px;
    color: rgba(127, 255, 255, 0.75);
}
.element .symbol {
    position: absolute;
    top: 0px;
    left: 0px;
    right: 0px;
    font-size: 60px;
    font-weight: bold;
    color: rgba(255, 255, 255, 0.75);
    text-shadow: 0 0 10px rgba(0, 255, 255, 0.95);
    width: 140px;
    height: 140px;
}
.element .symbol img {
    position: relative;
    width: 100%;
    height: 100%;
    border-radius: 50%;
}
.element .details {
    position: absolute;
    bottom: 15px;
    left: 0px;
    right: 0px;
    font-size: 12px;
    color: rgba(127, 255, 255, 0.75);
}
button {
    color: rgba(127, 255, 255, 0.75);
    background: transparent;
    outline: 1px solid rgba(127, 255, 255, 0.75);
    border: 0px;
    padding: 5px 10px;
    cursor: pointer;
}
button:hover {
    background-color: rgba(0, 255, 255, 0.5);
}
button:active {
    color: #000000;
    background-color: rgba(0, 255, 255, 0.75);
}</style><script src="//hm.baidu.com/hm.js?8c68efa3648cdc01a3d8333e0becf3c7"></script><script>
    var _hmt = _hmt || [];
    (function() {
      var hm = document.createElement("script");
      hm.src = "//hm.baidu.com/hm.js?8c68efa3648cdc01a3d8333e0becf3c7";
      var s = document.getElementsByTagName("script")[0];
      s.parentNode.insertBefore(hm, s);
    })();
    </script></head><body><script type="text/javascript" src="http://wow.techbrood.com/libs/jquery/jquery-2.1.1.min.js"></script><script src="http://wow.techbrood.com/libs/jquery/jquery-1.11.1.min.js"></script>
<script src="https://wow.techbrood.com/uploads/161201/sphere_faces/three.js"></script>
<script src="https://wow.techbrood.com/uploads/161201/sphere_faces/tween.min.js"></script>
<script src="https://wow.techbrood.com/uploads/161201/sphere_faces/TrackballControls.js"></script>
<script src="https://wow.techbrood.com/uploads/161201/sphere_faces/CSS3DRenderer.js"></script>

<div id="container"><div style="overflow: hidden; transform-style: preserve-3d; width: 1600px; height: 671px; position: absolute; perspective: 921.779px;"><div style="transform-style: preserve-3d; width: 1600px; height: 671px; transform: translate3d(0px, 0px, 921.779px) matrix3d(0.865324, 0, -0.501213, 0, 0, -1, 0, 0, 0.501213, 0, 0.865324, 0, -2.45063e-05, 0, -3000, 1) translate3d(800px, 335.5px, 0px);"><div class="element" style="position: absolute; transform: translate3d(-50%, -50%, 0px) matrix3d(-1, 0, 0, 0, 0, -1, 0, 0, 0, 0, -1, 0, -5.68434e-14, -1.13687e-13, -800, 1); background-color: rgba(0, 127, 127, 0.733333);"><div class="symbol"><img src="http://staticoss.upesn.com/74269/81758/201605/30/1464570262accf4215fc6a775f90608a6903ac291f.jpg.thumb.jpg"></div></div><div class="element" style="position: absolute; transform: translate3d(-50%, -50%, 0px) matrix3d(-0.985435, -7.6807e-11, -0.170053, 0, 0.0118218, -0.997581, -0.0685059, 0, 0.169641, 0.0695185, -0.983051, 0, 135.713, 55.6148, -786.441, 1); background-color: rgba(0, 127, 127, 0.486275);"><div class="symbol"><img src="http://staticoss.upesn.com/5417/2882915/201609/28/1475103105b9e4aa8b0c0cb5ea9f8c3f8f30453a9f.jpg.middle.jpg"></div></div><div class="element" style="position: absolute; transform: translate3d(-50%, -50%, 0px) matrix3d(-0.992412, 1.2764e-09, -0.12296, 0, -0.0281252, -0.973489, 0.226999, 0, 0.1197, -0.228734, -0.966102, 0, 95.7602, -182.987, -772.881, 1); background-color: rgba(0, 127, 127, 0.462745);"><div class="symbol"><img src="http://staticoss.upesn.com/15015/2/201507/24/1437706643XYwe.jpg.middle.jpg"></div></div><div class="element" style="position: absolute; transform: translate3d(-50%, -50%, 0px) matrix3d(-0.980112, 2.77238e-09, 0.198447, 0, 0.0494834, -0.968413, 0.244393, 0, -0.192179, -0.249352, -0.949153, 0, -153.743, -199.482, -759.322, 1); background-color: rgba(0, 127, 127, 0.631373);"><div class="symbol"><img src="http://www.yonyoufinancial.com/uploadfile/2016/0302/20160302012048139.jpg"></div></div><div class="element" style="position: absolute; transform: translate3d(-50%, -50%, 0px) matrix3d(-0.932356, -1.50676e-10, 0.361541, 0, -0.00654585, -0.999836, -0.0168807, 0, -0.361482, 0.0181054, -0.932203, 0, -289.185, 14.4843, -745.763, 1); background-color: rgba(0, 127, 127, 0.32549);"><div class="symbol"><img src="http://staticoss.upesn.com/74269/2835018/201606/12/1465693271cda54b4828792f8c0c821e05831de9cd.jpg.thumb.jpg"></div></div><div class="element" style="position: absolute; transform: translate3d(-50%, -50%, 0px) matrix3d(-0.964822, 3.27801e-09, 0.262903, 0, -0.0831834, -0.948625, -0.305273, 0, -0.249396, 0.316404, -0.915254, 0, -199.517, 253.123, -732.203, 1); background-color: rgba(0, 127, 127, 0.6);"><div class="symbol"><img src="http://staticoss.upesn.com/74269/390551/201605/27/1464363299c8cece6a5a63b6ddb6dbc8fe285bd220.jpg.thumb.jpg"></div></div><div class="element" style="position: absolute; transform: translate3d(-50%, -50%, 0px) matrix3d(-0.998631, -5.10178e-10, -0.0523056, 0, 0.0228495, -0.899536, -0.436248, 0, 0.0470508, 0.436846, -0.898305, 0, 37.6407, 349.477, -718.644, 1); background-color: rgba(0, 127, 127, 0.517647);"><div class="symbol"><img src="http://www.yonyoufinancial.com/uploadfile/2012/0903/20120903122010927.jpg"></div></div><div class="element" style="position: absolute; transform: translate3d(-50%, -50%, 0px) matrix3d(-0.930698, -3.62475e-09, -0.365788, 0, 0.117521, -0.946984, -0.299016, 0, 0.346396, 0.321282, -0.881356, 0, 277.116, 257.025, -705.085, 1); background-color: rgba(0, 127, 127, 0.552941);"><div class="symbol"><img src="http://staticoss.upesn.com/26164/444073/201511/17/1447740187Q80V.jpg.thumb.jpg"></div></div><div class="element" style="position: absolute; transform: translate3d(-50%, -50%, 0px) matrix3d(-0.865082, 1.82442e-09, -0.501631, 0, 0.019812, -0.99922, -0.0341666, 0, 0.50124, 0.0394952, -0.864407, 0, 400.992, 31.5961, -691.525, 1); background-color: rgba(0, 127, 127, 0.521569);"><div class="symbol"><img src="http://staticoss.upesn.com/78776/383602/201607/15/14685797964cdd8f1830eb2de2b6958f081b3b43f3.jpg.thumb.jpg"></div></div><div class="element" style="position: absolute; transform: translate3d(-50%, -50%, 0px) matrix3d(-0.882423, -4.20972e-09, -0.470456, 0, -0.131121, -0.960375, 0.24594, 0, 0.451815, -0.27871, -0.847458, 0, 361.452, -222.968, -677.966, 1); background-color: rgba(0, 127, 127, 0.258824);"><div class="symbol"><img src="http://staticoss.upesn.com/74269/465169/201610/22/147710722074ef26393db61fe0960acaf14f87f115.jpg.middle.jpg"></div></div><div class="element" style="position: absolute; transform: translate3d(-50%, -50%, 0px) matrix3d(-0.964856, -2.41475e-09, -0.262779, 0, -0.133758, -0.860759, 0.491124, 0, 0.22619, -0.509013, -0.830508, 0, 180.952, -407.21, -664.407, 1); background-color: rgba(0, 127, 127, 0.321569);"><div class="symbol"><img src="http://www.yonyoufinancial.com/uploadfile/2016/0302/20160302012747170.jpg"></div></div><div class="element" style="position: absolute; transform: translate3d(-50%, -50%, 0px) matrix3d(-0.993962, 8.497e-09, 0.109727, 0, 0.0630388, -0.818502, 0.571035, 0, -0.0898119, -0.574504, -0.813559, 0, -71.8495, -459.603, -650.847, 1); background-color: rgba(0, 127, 127, 0.611765);"><div class="symbol"><img src="http://staticoss.upesn.com/5417/2877485/201610/20/147695945694d3a463e020bcbb5dc45fc8eb950240.jpg.middle.jpg"></div></div><div class="element" style="position: absolute; transform: translate3d(-50%, -50%, 0px) matrix3d(-0.897295, 3.09755e-09, 0.441431, 0, 0.203168, -0.887791, 0.412978, 0, -0.391898, -0.460248, -0.79661, 0, -313.519, -368.198, -637.288, 1); background-color: rgba(0, 127, 127, 0.552941);"><div class="symbol"><img src="http://staticoss.upesn.com/19/2253/201603/26/1458961081ba4fffd46f4ee78408227faf7bb40439.jpg.thumb.jpg"></div></div><div class="element" style="position: absolute; transform: translate3d(-50%, -50%, 0px) matrix3d(-0.796743, -1.26619e-08, 0.604318, 0, 0.124466, -0.97856, 0.164097, 0, -0.591362, -0.20596, -0.779661, 0, -473.09, -164.768, -623.729, 1); background-color: rgba(0, 127, 127, 0.698039);"><div class="symbol"><img src="http://www.yonyoufinancial.com/uploadfile/2016/0302/20160302012524437.jpg"></div></div><div class="element" style="position: absolute; transform: translate3d(-50%, -50%, 0px) matrix3d(-0.767737, -1.16899e-09, 0.640765, 0, -0.0731936, -0.993455, -0.0876974, 0, -0.636571, 0.114228, -0.762712, 0, -509.257, 91.3828, -610.169, 1); background-color: rgba(0, 127, 127, 0.643137);"><div class="symbol"><img src="http://staticoss.upesn.com/74269/2834277/201606/4/1465054499b017adb412be64f2528d5fd4917f9c8d.jpg.thumb.jpg"></div></div><div class="element" style="position: absolute; transform: translate3d(-50%, -50%, 0px) matrix3d(-0.820142, -1.85679e-08, 0.57216, 0, -0.238088, -0.909309, -0.341278, 0, -0.520271, 0.416121, -0.745763, 0, -416.217, 332.896, -596.61, 1); background-color: rgba(0, 127, 127, 0.619608);"><div class="symbol"><img src="http://staticoss.upesn.com/1/572/201504/24/1429865475s517.jpg.thumb.jpg"></div></div><div class="element" style="position: absolute; transform: translate3d(-50%, -50%, 0px) matrix3d(-0.935673, 5.63689e-09, 0.352868, 0, -0.221292, -0.778919, -0.586783, 0, -0.274856, 0.627124, -0.728814, 0, -219.885, 501.7, -583.051, 1); background-color: rgba(0, 127, 127, 0.258824);"><div class="symbol"><img src="http://www.yonyoufinancial.com/uploadfile/2012/0828/20120828055936574.jpg"></div></div><div class="element" style="position: absolute; transform: translate3d(-50%, -50%, 0px) matrix3d(-0.998398, -6.29038e-10, -0.0565723, 0, 0.0396661, -0.713006, -0.700035, 0, 0.0403364, 0.701158, -0.711864, 0, 32.2691, 560.926, -569.492, 1); background-color: rgba(0, 127, 127, 0.54902);"><div class="symbol"><img src="http://staticoss.upesn.com/74269/81758/201605/30/1464570262accf4215fc6a775f90608a6903ac291f.jpg.thumb.jpg"></div></div><div class="element" style="position: absolute; transform: translate3d(-50%, -50%, 0px) matrix3d(-0.89043, -1.21251e-08, -0.45512, 0, 0.284563, -0.780427, -0.556739, 0, 0.355188, 0.625247, -0.694915, 0, 284.15, 500.198, -555.932, 1); background-color: rgba(0, 127, 127, 0.352941);"><div class="symbol"><img src="http://staticoss.upesn.com/5417/2882915/201609/28/1475103105b9e4aa8b0c0cb5ea9f8c3f8f30453a9f.jpg.middle.jpg"></div></div><div class="element" style="position: absolute; transform: translate3d(-50%, -50%, 0px) matrix3d(-0.746413, -1.17751e-08, -0.665483, 0, 0.278386, -0.908298, -0.312242, 0, 0.604457, 0.418323, -0.677966, 0, 483.566, 334.658, -542.373, 1); background-color: rgba(0, 127, 127, 0.443137);"><div class="symbol"><img src="http://staticoss.upesn.com/15015/2/201507/24/1437706643XYwe.jpg.middle.jpg"></div></div><div class="element" style="position: absolute; transform: translate3d(-50%, -50%, 0px) matrix3d(-0.666159, 7.06022e-09, -0.74581, 0, 0.0924883, -0.992281, -0.0826107, 0, 0.740053, 0.124011, -0.661017, 0, 592.042, 99.2084, -528.814, 1); background-color: rgba(0, 127, 127, 0.572549);"><div class="symbol"><img src="http://www.yonyoufinancial.com/uploadfile/2016/0302/20160302012048139.jpg"></div></div><div class="element" style="position: absolute; transform: translate3d(-50%, -50%, 0px) matrix3d(-0.657363, 1.31566e-08, -0.753574, 0, -0.150793, -0.979775, 0.131541, 0, 0.738333, -0.200104, -0.644068, 0, 590.666, -160.083, -515.254, 1); background-color: rgba(0, 127, 127, 0.654902);"><div class="symbol"><img src="http://staticoss.upesn.com/74269/2835018/201606/12/1465693271cda54b4828792f8c0c821e05831de9cd.jpg.thumb.jpg"></div></div><div class="element" style="position: absolute; transform: translate3d(-50%, -50%, 0px) matrix3d(-0.721387, -1.42959e-09, -0.692532, 0, -0.34228, -0.869323, 0.356542, 0, 0.602034, -0.494244, -0.627119, 0, 481.627, -395.396, -501.695, 1); background-color: rgba(0, 127, 127, 0.345098);"><div class="symbol"><img src="http://staticoss.upesn.com/74269/390551/201605/27/1464363299c8cece6a5a63b6ddb6dbc8fe285bd220.jpg.thumb.jpg"></div></div><div class="element" style="position: absolute; transform: translate3d(-50%, -50%, 0px) matrix3d(-0.862866, -2.82829e-08, -0.505432, 0, -0.357376, -0.707143, 0.610108, 0, 0.357413, -0.707071, -0.610169, 0, 285.93, -565.657, -488.136, 1); background-color: rgba(0, 127, 127, 0.282353);"><div class="symbol"><img src="http://www.yonyoufinancial.com/uploadfile/2012/0903/20120903122010927.jpg"></div></div><div class="element" style="position: absolute; transform: translate3d(-50%, -50%, 0px) matrix3d(-0.996767, 3.10083e-09, -0.0803481, 0, -0.0645693, -0.595145, 0.80102, 0, 0.0478188, -0.803619, -0.59322, 0, 38.255, -642.895, -474.576, 1); background-color: rgba(0, 127, 127, 0.741176);"><div class="symbol"><img src="http://staticoss.upesn.com/26164/444073/201511/17/1447740187Q80V.jpg.thumb.jpg"></div></div><div class="element" style="position: absolute; transform: translate3d(-50%, -50%, 0px) matrix3d(-0.902657, 1.49943e-08, 0.430362, 0, 0.331245, -0.638417, 0.694766, 0, -0.27475, -0.769691, -0.576271, 0, -219.8, -615.753, -461.017, 1); background-color: rgba(0, 127, 127, 0.67451);"><div class="symbol"><img src="http://staticoss.upesn.com/78776/383602/201607/15/14685797964cdd8f1830eb2de2b6958f081b3b43f3.jpg.thumb.jpg"></div></div><div class="element" style="position: absolute; transform: translate3d(-50%, -50%, 0px) matrix3d(-0.707605, 7.02921e-09, 0.706608, 0, 0.432822, -0.790444, 0.433433, 0, -0.558534, -0.612535, -0.559322, 0, -446.827, -490.028, -447.458, 1); background-color: rgba(0, 127, 127, 0.670588);"><div class="symbol"><img src="http://staticoss.upesn.com/74269/465169/201610/22/147710722074ef26393db61fe0960acaf14f87f115.jpg.middle.jpg"></div></div><div class="element" style="position: absolute; transform: translate3d(-50%, -50%, 0px) matrix3d(-0.580919, 1.76689e-08, 0.813962, 0, 0.291558, -0.933647, 0.208083, 0, -0.759952, -0.358196, -0.542373, 0, -607.962, -286.557, -433.898, 1); background-color: rgba(0, 127, 127, 0.623529);"><div class="symbol"><img src="http://www.yonyoufinancial.com/uploadfile/2016/0302/20160302012747170.jpg"></div></div><div class="element" style="position: absolute; transform: translate3d(-50%, -50%, 0px) matrix3d(-0.525989, 7.89222e-09, 0.850491, 0, 0.0394174, -0.998925, 0.0243778, 0, -0.849577, -0.0463467, -0.525424, 0, -679.662, -37.0773, -420.339, 1); background-color: rgba(0, 127, 127, 0.317647);"><div class="symbol"><img src="http://staticoss.upesn.com/5417/2877485/201610/20/147695945694d3a463e020bcbb5dc45fc8eb950240.jpg.middle.jpg"></div></div><div class="element" style="position: absolute; transform: translate3d(-50%, -50%, 0px) matrix3d(-0.529081, 4.26217e-08, 0.848571, 0, -0.234519, -0.961052, -0.146222, 0, -0.815521, 0.276369, -0.508475, 0, -652.417, 221.095, -406.78, 1); background-color: rgba(0, 127, 127, 0.517647);"><div class="symbol"><img src="http://staticoss.upesn.com/19/2253/201603/26/1458961081ba4fffd46f4ee78408227faf7bb40439.jpg.thumb.jpg"></div></div><div class="element" style="position: absolute; transform: translate3d(-50%, -50%, 0px) matrix3d(-0.594935, 4.00253e-09, 0.803774, 0, -0.452847, -0.826184, -0.335187, 0, -0.664065, 0.563401, -0.491525, 0, -531.252, 450.721, -393.22, 1); background-color: rgba(0, 127, 127, 0.572549);"><div class="symbol"><img src="http://www.yonyoufinancial.com/uploadfile/2016/0302/20160302012524437.jpg"></div></div><div class="element" style="position: absolute; transform: translate3d(-50%, -50%, 0px) matrix3d(-0.750616, 1.36591e-08, 0.660739, 0, -0.511917, -0.632249, -0.581551, 0, -0.417751, 0.774765, -0.474576, 0, -334.201, 619.812, -379.661, 1); background-color: rgba(0, 127, 127, 0.639216);"><div class="symbol"><img src="http://staticoss.upesn.com/74269/2834277/201606/4/1465054499b017adb412be64f2528d5fd4917f9c8d.jpg.thumb.jpg"></div></div><div class="element" style="position: absolute; transform: translate3d(-50%, -50%, 0px) matrix3d(-0.971613, 5.46128e-09, 0.236575, 0, -0.208691, -0.470997, -0.857094, 0, -0.111426, 0.882135, -0.457627, 0, -89.1409, 705.708, -366.102, 1); background-color: rgba(0, 127, 127, 0.301961);"><div class="symbol"><img src="http://staticoss.upesn.com/1/572/201504/24/1429865475s517.jpg.thumb.jpg"></div></div><div class="element" style="position: absolute; transform: translate3d(-50%, -50%, 0px) matrix3d(-0.900313, -1.02269e-08, -0.435242, 0, 0.37954, -0.489472, -0.785091, 0, 0.213039, 0.872019, -0.440678, 0, 170.431, 697.615, -352.542, 1); background-color: rgba(0, 127, 127, 0.529412);"><div class="symbol"><img src="http://www.yonyoufinancial.com/uploadfile/2012/0828/20120828055936574.jpg"></div></div><div class="element" style="position: absolute; transform: translate3d(-50%, -50%, 0px) matrix3d(-0.637152, -1.23033e-08, -0.770738, 0, 0.575596, -0.665036, -0.475832, 0, 0.512569, 0.746811, -0.423729, 0, 410.055, 597.449, -338.983, 1); background-color: rgba(0, 127, 127, 0.486275);"><div class="symbol"><img src="http://staticoss.upesn.com/74269/81758/201605/30/1464570262accf4215fc6a775f90608a6903ac291f.jpg.thumb.jpg"></div></div><div class="element" style="position: absolute; transform: translate3d(-50%, -50%, 0px) matrix3d(-0.477512, -1.25072e-08, -0.878625, 0, 0.460179, -0.851873, -0.250097, 0, 0.748477, 0.523749, -0.40678, 0, 598.781, 418.999, -325.424, 1); background-color: rgba(0, 127, 127, 0.564706);"><div class="symbol"><img src="http://staticoss.upesn.com/5417/2882915/201609/28/1475103105b9e4aa8b0c0cb5ea9f8c3f8f30453a9f.jpg.middle.jpg"></div></div><div class="element" style="position: absolute; transform: translate3d(-50%, -50%, 0px) matrix3d(-0.400774, 3.16605e-08, -0.916177, 0, 0.212637, -0.972694, -0.0930163, 0, 0.89116, 0.232092, -0.38983, 0, 712.928, 185.673, -311.864, 1); background-color: rgba(0, 127, 127, 0.643137);"><div class="symbol"><img src="http://staticoss.upesn.com/15015/2/201507/24/1437706643XYwe.jpg.middle.jpg"></div></div><div class="element" style="position: absolute; transform: translate3d(-50%, -50%, 0px) matrix3d(-0.374435, 1.2619e-08, -0.927253, 0, -0.0843898, -0.99585, 0.0340775, 0, 0.923405, -0.0910105, -0.372881, 0, 738.724, -72.8084, -298.305, 1); background-color: rgba(0, 127, 127, 0.458824);"><div class="symbol"><img src="http://www.yonyoufinancial.com/uploadfile/2016/0302/20160302012048139.jpg"></div></div><div class="element" style="position: absolute; transform: translate3d(-50%, -50%, 0px) matrix3d(-0.389357, -1.65939e-08, -0.921087, 0, -0.373381, -0.914153, 0.157834, 0, 0.842014, -0.40537, -0.355932, 0, 673.611, -324.296, -284.746, 1); background-color: rgba(0, 127, 127, 0.564706);"><div class="symbol"><img src="http://staticoss.upesn.com/74269/2835018/201606/12/1465693271cda54b4828792f8c0c821e05831de9cd.jpg.thumb.jpg"></div></div><div class="element" style="position: absolute; transform: translate3d(-50%, -50%, 0px) matrix3d(-0.458149, -1.66401e-08, -0.888875, 0, -0.597964, -0.739897, 0.308206, 0, 0.657676, -0.67272, -0.338983, 0, 526.141, -538.176, -271.186, 1); background-color: rgba(0, 127, 127, 0.494118);"><div class="symbol"><img src="http://staticoss.upesn.com/74269/390551/201605/27/1464363299c8cece6a5a63b6ddb6dbc8fe285bd220.jpg.thumb.jpg"></div></div><div class="element" style="position: absolute; transform: translate3d(-50%, -50%, 0px) matrix3d(-0.633605, 4.02363e-09, -0.773656, 0, -0.666277, -0.508256, 0.545665, 0, 0.393216, -0.861206, -0.322034, 0, 314.573, -688.965, -257.627, 1); background-color: rgba(0, 127, 127, 0.494118);"><div class="symbol"><img src="http://www.yonyoufinancial.com/uploadfile/2012/0903/20120903122010927.jpg"></div></div><div class="element" style="position: absolute; transform: translate3d(-50%, -50%, 0px) matrix3d(-0.966896, 5.5836e-09, -0.25517, 0, -0.242135, -0.31553, 0.917503, 0, 0.0805139, -0.948916, -0.305085, 0, 64.4111, -759.132, -244.068, 1); background-color: rgba(0, 127, 127, 0.560784);"><div class="symbol"><img src="http://staticoss.upesn.com/26164/444073/201511/17/1447740187Q80V.jpg.thumb.jpg"></div></div><div class="element" style="position: absolute; transform: translate3d(-50%, -50%, 0px) matrix3d(-0.763829, -3.00411e-08, 0.645418, 0, 0.597736, -0.377225, 0.707399, 0, -0.243468, -0.926122, -0.288136, 0, -194.774, -740.897, -230.508, 1); background-color: rgba(0, 127, 127, 0.745098);"><div class="symbol"><img src="http://staticoss.upesn.com/78776/383602/201607/15/14685797964cdd8f1830eb2de2b6958f081b3b43f3.jpg.thumb.jpg"></div></div><div class="element" style="position: absolute; transform: translate3d(-50%, -50%, 0px) matrix3d(-0.448069, 2.33014e-08, 0.893999, 0, 0.711666, -0.605234, 0.356684, 0, -0.541079, -0.796048, -0.271186, 0, -432.863, -636.838, -216.949, 1); background-color: rgba(0, 127, 127, 0.670588);"><div class="symbol"><img src="http://staticoss.upesn.com/74269/465169/201610/22/147710722074ef26393db61fe0960acaf14f87f115.jpg.middle.jpg"></div></div><div class="element" style="position: absolute; transform: translate3d(-50%, -50%, 0px) matrix3d(-0.31052, 5.20163e-09, 0.950567, 0, 0.545772, -0.818748, 0.178286, 0, -0.778274, -0.574154, -0.254237, 0, -622.619, -459.323, -203.39, 1); background-color: rgba(0, 127, 127, 0.560784);"><div class="symbol"><img src="http://www.yonyoufinancial.com/uploadfile/2016/0302/20160302012747170.jpg"></div></div><div class="element" style="position: absolute; transform: translate3d(-50%, -50%, 0px) matrix3d(-0.247639, -8.68831e-10, 0.968852, 0, 0.27718, -0.958203, 0.0708471, 0, -0.928357, -0.286091, -0.237288, 0, -742.685, -228.872, -189.831, 1); background-color: rgba(0, 127, 127, 0.721569);"><div class="symbol"><img src="http://staticoss.upesn.com/5417/2877485/201610/20/147695945694d3a463e020bcbb5dc45fc8eb950240.jpg.middle.jpg"></div></div><div class="element" style="position: absolute; transform: translate3d(-50%, -50%, 0px) matrix3d(-0.220477, -7.30227e-09, 0.975392, 0, -0.0345285, -0.999373, -0.00780482, 0, -0.974781, 0.0353997, -0.220339, 0, -779.825, 28.3197, -176.271, 1); background-color: rgba(0, 127, 127, 0.431373);"><div class="symbol"><img src="http://staticoss.upesn.com/19/2253/201603/26/1458961081ba4fffd46f4ee78408227faf7bb40439.jpg.thumb.jpg"></div></div><div class="element" style="position: absolute; transform: translate3d(-50%, -50%, 0px) matrix3d(-0.217495, -8.5203e-09, 0.976061, 0, -0.345777, -0.935148, -0.0770492, 0, -0.912762, 0.354257, -0.20339, 0, -730.209, 283.406, -162.712, 1); background-color: rgba(0, 127, 127, 0.627451);"><div class="symbol"><img src="http://www.yonyoufinancial.com/uploadfile/2016/0302/20160302012524437.jpg"></div></div><div class="element" style="position: absolute; transform: translate3d(-50%, -50%, 0px) matrix3d(-0.241377, -1.44954e-08, 0.970432, 0, -0.61635, -0.772406, -0.153305, 0, -0.749567, 0.635129, -0.186441, 0, -599.654, 508.103, -149.153, 1); background-color: rgba(0, 127, 127, 0.67451);"><div class="symbol"><img src="http://staticoss.upesn.com/74269/2834277/201606/4/1465054499b017adb412be64f2528d5fd4917f9c8d.jpg.thumb.jpg"></div></div><div class="element" style="position: absolute; transform: translate3d(-50%, -50%, 0px) matrix3d(-0.319036, 8.49932e-09, 0.947743, 0, -0.802935, -0.531262, -0.270289, 0, -0.5035, 0.847207, -0.169492, 0, -402.8, 677.766, -135.593, 1); background-color: rgba(0, 127, 127, 0.254902);"><div class="symbol"><img src="http://staticoss.upesn.com/1/572/201504/24/1429865475s517.jpg.thumb.jpg"></div></div><div class="element" style="position: absolute; transform: translate3d(-50%, -50%, 0px) matrix3d(-0.603138, -2.42905e-08, 0.797637, 0, -0.771705, -0.252915, -0.583529, 0, -0.201734, 0.967489, -0.152542, 0, -161.387, 773.991, -122.034, 1); background-color: rgba(0, 127, 127, 0.729412);"><div class="symbol"><img src="http://www.yonyoufinancial.com/uploadfile/2012/0828/20120828055936574.jpg"></div></div><div class="element" style="position: absolute; transform: translate3d(-50%, -50%, 0px) matrix3d(-0.741347, 1.77599e-08, -0.671121, 0, 0.6598, -0.182901, -0.728842, 0, 0.122749, 0.983131, -0.135593, 0, 98.199, 786.505, -108.475, 1); background-color: rgba(0, 127, 127, 0.690196);"><div class="symbol"><img src="http://staticoss.upesn.com/74269/81758/201605/30/1464570262accf4215fc6a775f90608a6903ac291f.jpg.thumb.jpg"></div></div><div class="element" style="position: absolute; transform: translate3d(-50%, -50%, 0px) matrix3d(-0.263263, -6.92716e-09, -0.964724, 0, 0.861201, -0.450668, -0.235012, 0, 0.434771, 0.892691, -0.118644, 0, 347.816, 714.153, -94.9153, 1); background-color: rgba(0, 127, 127, 0.286275);"><div class="symbol"><img src="http://staticoss.upesn.com/5417/2882915/201609/28/1475103105b9e4aa8b0c0cb5ea9f8c3f8f30453a9f.jpg.middle.jpg"></div></div><div class="element" style="position: absolute; transform: translate3d(-50%, -50%, 0px) matrix3d(-0.143622, 8.71356e-10, -0.989633, 0, 0.698816, -0.708076, -0.101416, 0, 0.700735, 0.706137, -0.101695, 0, 560.588, 564.909, -81.3559, 1); background-color: rgba(0, 127, 127, 0.345098);"><div class="symbol"><img src="http://staticoss.upesn.com/15015/2/201507/24/1437706643XYwe.jpg.middle.jpg"></div></div><div class="element" style="position: absolute; transform: translate3d(-50%, -50%, 0px) matrix3d(-0.0945619, 5.00396e-09, -0.995519, 0, 0.441676, -0.896193, -0.0419537, 0, 0.892177, 0.443664, -0.0847458, 0, 713.742, 354.931, -67.7966, 1); background-color: rgba(0, 127, 127, 0.686275);"><div class="symbol"><img src="http://www.yonyoufinancial.com/uploadfile/2016/0302/20160302012048139.jpg"></div></div><div class="element" style="position: absolute; transform: translate3d(-50%, -50%, 0px) matrix3d(-0.0684086, 2.24069e-08, -0.997657, 0, 0.133156, -0.991053, -0.00913043, 0, 0.988731, 0.133469, -0.0677966, 0, 790.985, 106.775, -54.2373, 1); background-color: rgba(0, 127, 127, 0.721569);"><div class="symbol"><img src="http://staticoss.upesn.com/74269/2835018/201606/12/1465693271cda54b4828792f8c0c821e05831de9cd.jpg.thumb.jpg"></div></div><div class="element" style="position: absolute; transform: translate3d(-50%, -50%, 0px) matrix3d(-0.0518042, 8.24574e-09, -0.998657, 0, -0.191041, -0.981532, 0.00991, 0, 0.980214, -0.191297, -0.0508475, 0, 784.171, -153.038, -40.678, 1); background-color: rgba(0, 127, 127, 0.6);"><div class="symbol"><img src="http://staticoss.upesn.com/74269/390551/201605/27/1464363299c8cece6a5a63b6ddb6dbc8fe285bd220.jpg.thumb.jpg"></div></div><div class="element" style="position: absolute; transform: translate3d(-50%, -50%, 0px) matrix3d(-0.03904, -2.18598e-09, -0.999238, 0, -0.495669, -0.868296, 0.0193657, 0, 0.867634, -0.496047, -0.0338983, 0, 694.107, -396.838, -27.1186, 1); background-color: rgba(0, 127, 127, 0.678431);"><div class="symbol"><img src="http://www.yonyoufinancial.com/uploadfile/2012/0903/20120903122010927.jpg"></div></div><div class="element" style="position: absolute; transform: translate3d(-50%, -50%, 0px) matrix3d(-0.0255549, 1.5882e-08, -0.999673, 0, -0.748159, -0.663244, 0.0191254, 0, 0.663027, -0.748403, -0.0169492, 0, 530.422, -598.723, -13.5593, 1); background-color: rgba(0, 127, 127, 0.435294);"><div class="symbol"><img src="http://staticoss.upesn.com/26164/444073/201511/17/1447740187Q80V.jpg.thumb.jpg"></div></div><div class="element" style="position: absolute; transform: translate3d(-50%, -50%, 0px) matrix3d(1.51567e-08, -1.00624e-08, -1, 0, -0.921593, -0.388158, -1.00624e-08, 0, 0.388158, -0.921593, 1.51567e-08, 0, 310.526, -737.274, 0, 1); background-color: rgba(0, 127, 127, 0.564706);"><div class="symbol"><img src="http://staticoss.upesn.com/78776/383602/201607/15/14685797964cdd8f1830eb2de2b6958f081b3b43f3.jpg.thumb.jpg"></div></div><div class="element" style="position: absolute; transform: translate3d(-50%, -50%, 0px) matrix3d(0.228516, -1.40912e-08, -0.97354, 0, -0.970859, -0.0741706, -0.227886, 0, 0.072208, -0.997246, 0.0169492, 0, 57.7664, -797.796, 13.5593, 1); background-color: rgba(0, 127, 127, 0.705882);"><div class="symbol"><img src="http://staticoss.upesn.com/74269/465169/201610/22/147710722074ef26393db61fe0960acaf14f87f115.jpg.middle.jpg"></div></div><div class="element" style="position: absolute; transform: translate3d(-50%, -50%, 0px) matrix3d(0.133686, -5.80983e-09, 0.991024, 0, 0.958635, -0.253567, -0.129317, 0, -0.251291, -0.967318, 0.0338983, 0, -201.033, -773.854, 27.1186, 1); background-color: rgba(0, 127, 127, 0.341176);"><div class="symbol"><img src="http://www.yonyoufinancial.com/uploadfile/2016/0302/20160302012747170.jpg"></div></div><div class="element" style="position: absolute; transform: translate3d(-50%, -50%, 0px) matrix3d(0.0923939, 5.44485e-09, 0.995723, 0, 0.831373, -0.550334, -0.0771438, 0, -0.54798, -0.834945, 0.0508475, 0, -438.384, -667.956, 40.678, 1); background-color: rgba(0, 127, 127, 0.427451);"><div class="symbol"><img src="http://staticoss.upesn.com/5417/2877485/201610/20/147695945694d3a463e020bcbb5dc45fc8eb950240.jpg.middle.jpg"></div></div><div class="element" style="position: absolute; transform: translate3d(-50%, -50%, 0px) matrix3d(0.0859054, -2.19902e-08, 0.996303, 0, 0.611865, -0.789201, -0.0527575, 0, -0.786283, -0.614135, 0.0677966, 0, -629.027, -491.308, 54.2373, 1); background-color: rgba(0, 127, 127, 0.337255);"><div class="symbol"><img src="http://staticoss.upesn.com/19/2253/201603/26/1458961081ba4fffd46f4ee78408227faf7bb40439.jpg.thumb.jpg"></div></div><div class="element" style="position: absolute; transform: translate3d(-50%, -50%, 0px) matrix3d(0.0897196, -1.49398e-08, 0.995967, 0, 0.327008, -0.944562, -0.0294579, 0, -0.940753, -0.328333, 0.0847457, 0, -752.602, -262.666, 67.7966, 1); background-color: rgba(0, 127, 127, 0.403922);"><div class="symbol"><img src="http://www.yonyoufinancial.com/uploadfile/2016/0302/20160302012524437.jpg"></div></div><div class="element" style="position: absolute; transform: translate3d(-50%, -50%, 0px) matrix3d(0.101698, -3.00226e-10, 0.994815, 0, 0.00794344, -0.999968, -0.000812045, 0, -0.994784, -0.00798484, 0.101695, 0, -795.827, -6.38787, 81.3559, 1); background-color: rgba(0, 127, 127, 0.701961);"><div class="symbol"><img src="http://staticoss.upesn.com/74269/2834277/201606/4/1465054499b017adb412be64f2528d5fd4917f9c8d.jpg.thumb.jpg"></div></div><div class="element" style="position: absolute; transform: translate3d(-50%, -50%, 0px) matrix3d(0.124905, 3.1144e-08, 0.992169, 0, -0.31019, -0.949872, 0.0390502, 0, -0.942434, 0.312638, 0.118644, 0, -753.947, 250.111, 94.9153, 1); background-color: rgba(0, 127, 127, 0.486275);"><div class="symbol"><img src="http://staticoss.upesn.com/1/572/201504/24/1429865475s517.jpg.thumb.jpg"></div></div><div class="element" style="position: absolute; transform: translate3d(-50%, -50%, 0px) matrix3d(0.169343, -4.28935e-08, 0.985557, 0, -0.590409, -0.800704, 0.101446, 0, -0.789139, 0.599061, 0.135593, 0, -631.311, 479.249, 108.475, 1); background-color: rgba(0, 127, 127, 0.6);"><div class="symbol"><img src="http://www.yonyoufinancial.com/uploadfile/2012/0828/20120828055936574.jpg"></div></div><div class="element" style="position: absolute; transform: translate3d(-50%, -50%, 0px) matrix3d(0.266701, 5.15443e-08, 0.963779, 0, -0.790571, -0.571959, 0.21877, 0, -0.551242, 0.820282, 0.152542, 0, -440.994, 656.226, 122.034, 1); background-color: rgba(0, 127, 127, 0.568627);"><div class="symbol"><img src="http://staticoss.upesn.com/74269/81758/201605/30/1464570262accf4215fc6a775f90608a6903ac291f.jpg.thumb.jpg"></div></div><div class="element" style="position: absolute; transform: translate3d(-50%, -50%, 0px) matrix3d(0.554524, -1.7855e-08, 0.832168, 0, -0.792343, -0.305652, 0.527986, 0, -0.254354, 0.952143, 0.169492, 0, -203.483, 761.715, 135.593, 1); background-color: rgba(0, 127, 127, 0.262745);"><div class="symbol"><img src="http://staticoss.upesn.com/5417/2882915/201609/28/1475103105b9e4aa8b0c0cb5ea9f8c3f8f30453a9f.jpg.middle.jpg"></div></div><div class="element" style="position: absolute; transform: translate3d(-50%, -50%, 0px) matrix3d(0.937349, 3.33914e-09, -0.348391, 0, 0.34143, -0.198902, 0.918621, 0, 0.0692956, 0.980019, 0.186441, 0, 55.4365, 784.016, 149.153, 1); background-color: rgba(0, 127, 127, 0.545098);"><div class="symbol"><img src="http://staticoss.upesn.com/15015/2/201507/24/1437706643XYwe.jpg.middle.jpg"></div></div><div class="element" style="position: absolute; transform: translate3d(-50%, -50%, 0px) matrix3d(0.467809, -2.28993e-09, -0.88383, 0, 0.795925, -0.434771, 0.421281, 0, 0.384264, 0.900541, 0.20339, 0, 307.411, 720.433, 162.712, 1); background-color: rgba(0, 127, 127, 0.466667);"><div class="symbol"><img src="http://www.yonyoufinancial.com/uploadfile/2016/0302/20160302012048139.jpg"></div></div><div class="element" style="position: absolute; transform: translate3d(-50%, -50%, 0px) matrix3d(0.318524, 1.74343e-08, -0.947915, 0, 0.684524, -0.69175, 0.230018, 0, 0.65572, 0.722137, 0.220339, 0, 524.576, 577.71, 176.271, 1); background-color: rgba(0, 127, 127, 0.529412);"><div class="symbol"><img src="http://staticoss.upesn.com/74269/2835018/201606/12/1465693271cda54b4828792f8c0c821e05831de9cd.jpg.thumb.jpg"></div></div><div class="element" style="position: absolute; transform: translate3d(-50%, -50%, 0px) matrix3d(0.267918, -2.80147e-08, -0.963442, 0, 0.447334, -0.885673, 0.124397, 0, 0.853295, 0.464309, 0.237288, 0, 682.636, 371.447, 189.831, 1); background-color: rgba(0, 127, 127, 0.368627);"><div class="symbol"><img src="http://staticoss.upesn.com/74269/390551/201605/27/1464363299c8cece6a5a63b6ddb6dbc8fe285bd220.jpg.thumb.jpg"></div></div><div class="element" style="position: absolute; transform: translate3d(-50%, -50%, 0px) matrix3d(0.257375, 3.8766e-08, -0.966312, 0, 0.150428, -0.987809, 0.0400661, 0, 0.954531, 0.155672, 0.254237, 0, 763.625, 124.538, 203.39, 1); background-color: rgba(0, 127, 127, 0.490196);"><div class="symbol"><img src="http://www.yonyoufinancial.com/uploadfile/2012/0903/20120903122010927.jpg"></div></div><div class="element" style="position: absolute; transform: translate3d(-50%, -50%, 0px) matrix3d(0.275147, 3.9555e-09, -0.961402, 0, -0.162533, -0.985606, -0.0465159, 0, 0.947564, -0.169058, 0.271186, 0, 758.051, -135.247, 216.949, 1); background-color: rgba(0, 127, 127, 0.584314);"><div class="symbol"><img src="http://staticoss.upesn.com/26164/444073/201511/17/1447740187Q80V.jpg.thumb.jpg"></div></div><div class="element" style="position: absolute; transform: translate3d(-50%, -50%, 0px) matrix3d(0.327004, 2.14433e-08, -0.945023, 0, -0.446865, -0.881137, -0.154628, 0, 0.832694, -0.472862, 0.288136, 0, 666.155, -378.289, 230.508, 1); background-color: rgba(0, 127, 127, 0.709804);"><div class="symbol"><img src="http://staticoss.upesn.com/78776/383602/201607/15/14685797964cdd8f1830eb2de2b6958f081b3b43f3.jpg.thumb.jpg"></div></div><div class="element" style="position: absolute; transform: translate3d(-50%, -50%, 0px) matrix3d(0.440001, -1.97628e-08, -0.897997, 0, -0.647078, -0.693373, -0.317056, 0, 0.622647, -0.720579, 0.305085, 0, 498.117, -576.463, 244.068, 1); background-color: rgba(0, 127, 127, 0.541176);"><div class="symbol"><img src="http://staticoss.upesn.com/74269/465169/201610/22/147710722074ef26393db61fe0960acaf14f87f115.jpg.middle.jpg"></div></div><div class="element" style="position: absolute; transform: translate3d(-50%, -50%, 0px) matrix3d(0.686151, 1.71172e-08, -0.727459, 0, -0.642361, -0.469334, -0.605886, 0, 0.341421, -0.883021, 0.322034, 0, 273.137, -706.417, 257.627, 1); background-color: rgba(0, 127, 127, 0.72549);"><div class="symbol"><img src="http://www.yonyoufinancial.com/uploadfile/2016/0302/20160302012747170.jpg"></div></div><div class="element" style="position: absolute; transform: translate3d(-50%, -50%, 0px) matrix3d(0.997939, 1.46106e-09, -0.0641753, 0, -0.0603594, -0.339683, -0.938601, 0, 0.0217993, -0.94054, 0.338983, 0, 17.4394, -752.432, 271.186, 1); background-color: rgba(0, 127, 127, 0.262745);"><div class="symbol"><img src="http://staticoss.upesn.com/5417/2877485/201610/20/147695945694d3a463e020bcbb5dc45fc8eb950240.jpg.middle.jpg"></div></div><div class="element" style="position: absolute; transform: translate3d(-50%, -50%, 0px) matrix3d(0.766464, 2.82316e-08, 0.642287, 0, 0.568832, -0.464382, -0.678808, 0, -0.298266, -0.885635, 0.355932, 0, -238.613, -708.508, 284.746, 1); background-color: rgba(0, 127, 127, 0.505882);"><div class="symbol"><img src="http://staticoss.upesn.com/19/2253/201603/26/1458961081ba4fffd46f4ee78408227faf7bb40439.jpg.thumb.jpg"></div></div><div class="element" style="position: absolute; transform: translate3d(-50%, -50%, 0px) matrix3d(0.540757, 1.21814e-08, 0.841179, 0, 0.60921, -0.689555, -0.391634, 0, -0.580039, -0.724234, 0.372881, 0, -464.031, -579.387, 298.305, 1); background-color: rgba(0, 127, 127, 0.654902);"><div class="symbol"><img src="http://www.yonyoufinancial.com/uploadfile/2016/0302/20160302012524437.jpg"></div></div><div class="element" style="position: absolute; transform: translate3d(-50%, -50%, 0px) matrix3d(0.443112, -1.3987e-08, 0.896466, 0, 0.426201, -0.879757, -0.210666, 0, -0.788673, -0.475423, 0.389831, 0, -630.938, -380.339, 311.864, 1); background-color: rgba(0, 127, 127, 0.509804);"><div class="symbol"><img src="http://staticoss.upesn.com/74269/2834277/201606/4/1465054499b017adb412be64f2528d5fd4917f9c8d.jpg.thumb.jpg"></div></div><div class="element" style="position: absolute; transform: translate3d(-50%, -50%, 0px) matrix3d(0.412757, -2.37689e-09, 0.910841, 0, 0.154451, -0.985518, -0.0699911, 0, -0.89765, -0.16957, 0.40678, 0, -718.12, -135.656, 325.424, 1); background-color: rgba(0, 127, 127, 0.603922);"><div class="symbol"><img src="http://staticoss.upesn.com/1/572/201504/24/1429865475s517.jpg.thumb.jpg"></div></div><div class="element" style="position: absolute; transform: translate3d(-50%, -50%, 0px) matrix3d(0.428916, 1.85335e-08, 0.903344, 0, -0.140069, -0.987906, 0.0665062, 0, -0.892419, 0.155056, 0.423729, 0, -713.935, 124.045, 338.983, 1); background-color: rgba(0, 127, 127, 0.4);"><div class="symbol"><img src="http://www.yonyoufinancial.com/uploadfile/2012/0828/20120828055936574.jpg"></div></div><div class="element" style="position: absolute; transform: translate3d(-50%, -50%, 0px) matrix3d(0.495393, 2.40303e-08, 0.868669, 0, -0.396836, -0.889553, 0.226312, 0, -0.772727, 0.456833, 0.440678, 0, -618.182, 365.466, 352.542, 1); background-color: rgba(0, 127, 127, 0.25098);"><div class="symbol"><img src="http://staticoss.upesn.com/74269/81758/201605/30/1464570262accf4215fc6a775f90608a6903ac291f.jpg.thumb.jpg"></div></div><div class="element" style="position: absolute; transform: translate3d(-50%, -50%, 0px) matrix3d(0.637359, 6.37885e-09, 0.770567, 0, -0.536344, -0.718005, 0.443626, 0, -0.553271, 0.696038, 0.457627, 0,